../../train2/S0003491615000433.txt 	0.305002 0.615556 0.079442
../../train2/S0003491615001505.txt 	0.410178 0.230619 0.359202
../../train2/S0003491615001955.txt 	0.0575623 0.514837 0.427601
../../train2/S0009261409006666.txt 	0.18497 0.405791 0.409239
../../train2/S0009261412006513.txt 	0.619396 0.23756 0.143044
../../train2/S0009261412012365.txt 	0.0474147 0.52004 0.432545
../../train2/S0009261412013838.txt 	0.0545509 0.588595 0.356854
../../train2/S0009261413006738.txt 	0.129232 0.192099 0.678669
../../train2/S0009261413011111.txt 	0.028199 0.687138 0.284663
../../train2/S000926141301539X.txt 	0.3122 0.309817 0.377984
../../train2/S0009261415000974.txt 	0.0383366 0.560028 0.401635
../../train2/S0009261415002730.txt 	0.0236422 0.439642 0.536715
../../train2/S000926141500651X.txt 	0.214366 0.339933 0.445702
../../train2/S0010938X12001163.txt 	0.0189778 0.602285 0.378738
../../train2/S0010938X12002508.txt 	0.0162096 0.93148 0.0523109
../../train2/S0010938X13002187.txt 	0.0169415 0.787092 0.195966
../../train2/S0010938X13005945.txt 	0.0190622 0.780451 0.200487
../../train2/S0010938X14000420.txt 	0.0373924 0.86373 0.0988778
../../train2/S0010938X1500195X.txt 	0.0276497 0.794635 0.177715
../../train2/S0010938X15002085.txt 	0.0480808 0.51662 0.435299
../../train2/S0010938X15002954.txt 	0.0298615 0.630515 0.339623
../../train2/S0010938X15300512.txt 	0.0227116 0.676446 0.300842
../../train2/S0010938X15301189.txt 	0.0263274 0.822432 0.151241
../../train2/S0010938X1530161X.txt 	0.140925 0.28702 0.572055
../../train2/S0021961413004321.txt 	0.175709 0.28277 0.541522
../../train2/S0021999113002362.txt 	0.552411 0.0963189 0.35127
../../train2/S0021999113003422.txt 	0.377347 0.447972 0.174681
../../train2/S0021999113005603.txt 	0.0802494 0.106039 0.813712
../../train2/S0021999113005652.txt 	0.0459224 0.804264 0.149814
../../train2/S0021999113005718.txt 	0.157541 0.280995 0.561464
../../train2/S0021999113006955.txt 	0.238802 0.22787 0.533328
../../train2/S0021999114002587.txt 	0.238681 0.170174 0.591145
../../train2/S0021999114007396.txt 	0.35107 0.141022 0.507908
../../train2/S0021999114007876.txt 	0.307013 0.405721 0.287266
../../train2/S0021999114008432.txt 	0.602088 0.20478 0.193132
../../train2/S0021999114008523.txt 	0.475782 0.347187 0.17703
../../train2/S0021999115000546.txt 	0.285548 0.201302 0.51315
../../train2/S0021999115001412.txt 	0.221854 0.380819 0.397327
../../train2/S0021999115003459.txt 	0.130914 0.281486 0.5876
../../train2/S0021999115003939.txt 	0.589397 0.156061 0.254541
../../train2/S0021999115004301.txt 	0.278054 0.480011 0.241935
../../train2/S0021999115007238.txt 	0.16818 0.605216 0.226604
../../train2/S0021999115008207.txt 	0.456229 0.201712 0.342059
../../train2/S0021999115008256.txt 	0.146467 0.459406 0.394127
../../train2/S0022311511010014.txt 	0.0425348 0.798364 0.159101
../../train2/S0022311513001165.txt 	0.0240153 0.515259 0.460726
../../train2/S0022311513011951.txt 	0.0213726 0.739687 0.23894
../../train2/S0022311514000919.txt 	0.0226518 0.343308 0.63404
../../train2/S0022311514001640.txt 	0.0192612 0.77822 0.202519
../../train2/S0022311514005480.txt 	0.0364904 0.65939 0.304119
../../train2/S0022311514006849.txt 	0.136417 0.74186 0.121722
../../train2/S0022311514007119.txt 	0.24184 0.109367 0.648793
../../train2/S0022311514008691.txt 	0.0310161 0.648309 0.320675
../../train2/S002231151500032X.txt 	0.181043 0.599933 0.219024
../../train2/S0022311515002391.txt 	0.00992137 0.827486 0.162593
../../train2/S0022311515002470.txt 	0.0298746 0.63699 0.333135
../../train2/S0022311515002664.txt 	0.0363537 0.469912 0.493734
../../train2/S0022311515300295.txt 	0.00659044 0.864472 0.128937
../../train2/S0022311515300477.txt 	0.0472704 0.766464 0.186266
../../train2/S0022311515300830.txt 	0.0184188 0.623728 0.357853
../../train2/S0022311515301069.txt 	0.0589386 0.542784 0.398278
../../train2/S0022311515301963.txt 	0.0159041 0.721407 0.262689
../../train2/S0022311515303640.txt 	0.0343183 0.431968 0.533714
../../train2/S0029549314001551.txt 	0.019461 0.77998 0.200559
../../train2/S0029549314002970.txt 	0.0232616 0.676016 0.300723
../../train2/S0031920113000708.txt 	0.309111 0.52258 0.168309
../../train2/S0031920113001222.txt 	0.481795 0.215342 0.302863
../../train2/S0032386108010392.txt 	0.044448 0.620624 0.334928
../../train2/S003238610801080X.txt 	0.162889 0.710726 0.126385
../../train2/S003238610900086X.txt 	0.0767572 0.368918 0.554325
../../train2/S0032386109001712.txt 	0.0530376 0.667813 0.279149
../../train2/S0032386109004996.txt 	0.281466 0.606977 0.111557
../../train2/S0032386109005485.txt 	0.252566 0.437449 0.309985
../../train2/S0032386109006612.txt 	0.0711962 0.572535 0.356269
../../train2/S0032386109007290.txt 	0.0114208 0.875364 0.113215
../../train2/S0032386109007423.txt 	0.409723 0.42853 0.161746
../../train2/S0032386109010386.txt 	0.176715 0.588424 0.234861
../../train2/S0032386110001667.txt 	0.0658877 0.743599 0.190513
../../train2/S0032386110004039.txt 	0.165465 0.360686 0.473849
../../train2/S0032386114008428.txt 	0.0339945 0.741176 0.22483
../../train2/S0038092X11004129.txt 	0.0418492 0.520123 0.438027
../../train2/S0038092X14000942.txt 	0.0308935 0.589086 0.38002
../../train2/S0038092X14004770.txt 	0.498412 0.0925792 0.409009
../../train2/S0038092X15000559.txt 	0.260619 0.419006 0.320375
../../train2/S0038092X15001681.txt 	0.419987 0.326674 0.253339
../../train2/S0039602899010869.txt 	0.0317063 0.746012 0.222282
../../train2/S0045782511003823.txt 	0.439108 0.258816 0.302076
../../train2/S0045782512000266.txt 	0.568619 0.300043 0.131338
../../train2/S0045782512002599.txt 	0.4807 0.181147 0.338153
../../train2/S0045782512002678.txt 	0.778761 0.1173 0.103939
../../train2/S0045782512003234.txt 	0.514387 0.270503 0.21511
../../train2/S0045782512003428.txt 	0.105544 0.220629 0.673828
../../train2/S0045782513000479.txt 	0.301156 0.0961307 0.602713
../../train2/S0045782513000546.txt 	0.245031 0.0432799 0.711689
../../train2/S0045782513001448.txt 	0.277281 0.53467 0.18805
../../train2/S0045782513001473.txt 	0.0717773 0.286524 0.641699
../../train2/S004578251300176X.txt 	0.0173142 0.749222 0.233464
../../train2/S0045782514000607.txt 	0.252448 0.354379 0.393173
../../train2/S0045782514001492.txt 	0.411075 0.231052 0.357873
../../train2/S004578251400334X.txt 	0.396284 0.153476 0.45024
../../train2/S0045782514004812.txt 	0.338004 0.0761377 0.585858
../../train2/S0045782515001231.txt 	0.210052 0.385706 0.404242
../../train2/S0045782515001899.txt 	0.504763 0.277506 0.217731
../../train2/S0045782515002418.txt 	0.551246 0.17841 0.270344
../../train2/S0045782515002686.txt 	0.0237121 0.704483 0.271805
../../train2/S0045782515003680.txt 	0.764201 0.194248 0.0415509
../../train2/S0079642514000887.txt 	0.0486383 0.5476 0.403762
../../train2/S0098300412001793.txt 	0.917656 0.0280814 0.0542626
../../train2/S0098300413002185.txt 	0.532742 0.0868364 0.380422
../../train2/S0098300413002720.txt 	0.689182 0.144638 0.16618
../../train2/S0098300413002951.txt 	0.0151963 0.911519 0.0732849
../../train2/S0142061516308079.txt 	0.77386 0.11781 0.10833
../../train2/S0165168416300603.txt 	0.350714 0.032154 0.617132
../../train2/S0165212511000862.txt 	0.405276 0.216582 0.378142
../../train2/S0165212511000874.txt 	0.093882 0.518683 0.387435
../../train2/S0165212515000931.txt 	0.732002 0.179177 0.0888209
../../train2/S0166218X1300348X.txt 	0.631268 0.0682946 0.300438
../../train2/S0166218X14003011.txt 	0.626665 0.103123 0.270212
../../train2/S0167273811005091.txt 	0.447975 0.479626 0.0723987
../../train2/S0167273812003025.txt 	0.00262498 0.966953 0.0304219
../../train2/S0167273813005298.txt 	0.0143895 0.786344 0.199266
../../train2/S0167273813006735.txt 	0.133169 0.390289 0.476542
../../train2/S0167273814004408.txt 	0.0173434 0.599706 0.382951
../../train2/S0167273814004548.txt 	0.0285516 0.442352 0.529097
../../train2/S0167273815004130.txt 	0.0268315 0.642302 0.330866
../../train2/S0167931711005120.txt 	0.104692 0.418385 0.476923
../../train2/S0167931712002699.txt 	0.204805 0.478773 0.316422
../../train2/S0167931712002936.txt 	0.127164 0.204448 0.668388
../../train2/S0167931712003012.txt 	0.0234934 0.42817 0.548337
../../train2/S0167931712003905.txt 	0.0460727 0.378757 0.57517
../../train2/S0167931713002438.txt 	0.135093 0.451674 0.413232
../../train2/S016793171300244X.txt 	0.227977 0.368345 0.403677
../../train2/S0167931713002487.txt 	0.0240873 0.501583 0.47433
../../train2/S0167931713004061.txt 	0.331351 0.415425 0.253224
../../train2/S0167931713004991.txt 	0.0361206 0.78009 0.183789
../../train2/S0167931713005042.txt 	0.0293753 0.678908 0.291717
../../train2/S0167931713006904.txt 	0.0163783 0.799282 0.18434
../../train2/S0167931714000203.txt 	0.0245748 0.721481 0.253944
../../train2/S0167931714003347.txt 	0.0397537 0.393551 0.566695
../../train2/S0167931714004456.txt 	0.158563 0.791278 0.0501594
../../train2/S0168365912006207.txt 	0.334921 0.525607 0.139472
../../train2/S0168365913002848.txt 	0.0151432 0.841506 0.143351
../../train2/S0168365913003295.txt 	0.0845214 0.35867 0.556808
../../train2/S0168365913004975.txt 	0.00849949 0.872582 0.118918
../../train2/S0168365913008766.txt 	0.763985 0.174216 0.0617991
../../train2/S0168365913009036.txt 	0.0123998 0.727072 0.260528
../../train2/S0168874X1630049X.txt 	0.182524 0.422132 0.395344
../../train2/S0254058414000662.txt 	0.072606 0.341155 0.586239
../../train2/S0254058415001212.txt 	0.0143368 0.789136 0.196527
../../train2/S025405841530136X.txt 	0.00575116 0.913 0.0812491
../../train2/S0254058415304235.txt 	0.147892 0.589256 0.262852
../../train2/S0266352X16301550.txt 	0.595313 0.296055 0.108632
../../train2/S0301010414003115.txt 	0.0374652 0.597208 0.365327
../../train2/S0301010414003516.txt 	0.0207091 0.504531 0.47476
../../train2/S0301010415002256.txt 	0.421674 0.15669 0.421636
../../train2/S030193221400144X.txt 	0.0280553 0.41513 0.556814
../../train2/S0301932214001499.txt 	0.135897 0.561759 0.302345
../../train2/S0301932215002037.txt 	0.0134256 0.726758 0.259816
../../train2/S0305054816300867.txt 	0.850815 0.0663759 0.0828091
../../train2/S0306437913000768.txt 	0.890282 0.0719689 0.0377492
../../train2/S0370157309002877.txt 	0.922835 0.0494981 0.0276664
../../train2/S0370157312000105.txt 	0.0968912 0.77486 0.128249
../../train2/S0370157314001318.txt 	0.621903 0.258951 0.119145
../../train2/S0370269304006070.txt 	0.533128 0.128064 0.338808
../../train2/S0370269304006082.txt 	0.517977 0.278164 0.203859
../../train2/S0370269304006161.txt 	0.0531122 0.728431 0.218456
../../train2/S0370269304006720.txt 	0.198213 0.539239 0.262549
../../train2/S0370269304006756.txt 	0.11925 0.23474 0.646011
../../train2/S0370269304006768.txt 	0.498814 0.249293 0.251893
../../train2/S037026930400680X.txt 	0.0744814 0.692195 0.233324
../../train2/S0370269304007129.txt 	0.161839 0.346327 0.491833
../../train2/S0370269304007208.txt 	0.245549 0.150884 0.603567
../../train2/S037026930400721X.txt 	0.307051 0.087282 0.605667
../../train2/S0370269304007257.txt 	0.312239 0.137053 0.550708
../../train2/S0370269304007439.txt 	0.0427559 0.510549 0.446695
../../train2/S0370269304007634.txt 	0.320143 0.492295 0.187562
../../train2/S0370269304007695.txt 	0.11608 0.280922 0.602997
../../train2/S0370269304007701.txt 	0.738276 0.13874 0.122984
../../train2/S0370269304007749.txt 	0.243673 0.688832 0.0674955
../../train2/S0370269304007798.txt 	0.804772 0.161805 0.0334222
../../train2/S0370269304008305.txt 	0.766884 0.102423 0.130693
../../train2/S0370269304008706.txt 	0.121504 0.234761 0.643734
../../train2/S0370269304008731.txt 	0.0436355 0.300678 0.655687
../../train2/S0370269304008780.txt 	0.265761 0.184002 0.550238
../../train2/S0370269304008792.txt 	0.214435 0.121524 0.664041
../../train2/S0370269304008809.txt 	0.348698 0.258933 0.392369
../../train2/S0370269304008858.txt 	0.151556 0.0454213 0.803023
../../train2/S0370269304008974.txt 	0.681135 0.181658 0.137206
../../train2/S0370269304008998.txt 	0.117472 0.0749304 0.807598
../../train2/S0370269304009013.txt 	0.412492 0.39235 0.195158
../../train2/S0370269304009025.txt 	0.541602 0.0681251 0.390273
../../train2/S0370269304009037.txt 	0.0212631 0.557481 0.421256
../../train2/S0370269304009049.txt 	0.062713 0.0370442 0.900243
../../train2/S0370269304009062.txt 	0.182487 0.320927 0.496586
../../train2/S0370269304009074.txt 	0.409743 0.0613028 0.528954
../../train2/S0370269304009086.txt 	0.120914 0.526299 0.352787
../../train2/S0370269304009104.txt 	0.07576 0.845864 0.0783759
../../train2/S0370269304009116.txt 	0.392409 0.443986 0.163606
../../train2/S0370269304009141.txt 	0.544286 0.310324 0.14539
../../train2/S0370269304009165.txt 	0.559792 0.0465279 0.39368
../../train2/S0370269304009177.txt 	0.527192 0.213488 0.25932
../../train2/S0370269304009189.txt 	0.241247 0.486739 0.272015
../../train2/S0370269304009220.txt 	0.207184 0.0615629 0.731253
../../train2/S0370269304009232.txt 	0.73258 0.0860505 0.18137
../../train2/S0370269304009268.txt 	0.0135717 0.9336 0.0528283
../../train2/S037026930400930X.txt 	0.414406 0.366607 0.218987
../../train2/S0370269304009335.txt 	0.254776 0.18581 0.559414
../../train2/S0370269304009347.txt 	0.543833 0.125809 0.330359
../../train2/S0370269304009359.txt 	0.350357 0.232607 0.417036
../../train2/S0370269304009530.txt 	0.3991 0.186412 0.414488
../../train2/S0370269304009608.txt 	0.61777 0.0956091 0.286621
../../train2/S0370269304009657.txt 	0.0538608 0.161954 0.784186
../../train2/S0370269304009803.txt 	0.129422 0.0539821 0.816596
../../train2/S0370269304009979.txt 	0.458398 0.217656 0.323945
../../train2/S0375960112002885.txt 	0.05407 0.508299 0.437631
../../train2/S0375960113004568.txt 	0.0665424 0.549422 0.384036
../../train2/S0375960113004908.txt 	0.0987912 0.443905 0.457304
../../train2/S0375960113006725.txt 	0.0272087 0.40078 0.572011
../../train2/S037596011300741X.txt 	0.162811 0.078778 0.758411
../../train2/S0375960113010839.txt 	0.255234 0.0313803 0.713385
../../train2/S0375960115004120.txt 	0.0311157 0.419414 0.54947
../../train2/S0375960115005630.txt 	0.0763845 0.567872 0.355744
../../train2/S0377025713001031.txt 	0.0222384 0.424684 0.553077
../../train2/S0377025714000135.txt 	0.277133 0.428515 0.294353
../../train2/S0377025714000317.txt 	0.949965 0.0295397 0.0204957
../../train2/S0377025714001682.txt 	0.0166536 0.61367 0.369677
../../train2/S0377025714001931.txt 	0.00925174 0.936516 0.0542324
../../train2/S0377025714002213.txt 	0.530778 0.362752 0.106471
../../train2/S0377025715000051.txt 	0.167736 0.325219 0.507045
../../train2/S0377025715000993.txt 	0.0170757 0.732892 0.250032
../../train2/S0377221716300984.txt 	0.936174 0.0393773 0.0244484
../../train2/S0377221716301357.txt 	0.603162 0.127408 0.26943
../../train2/S0377221716301904.txt 	0.91735 0.0471832 0.0354672
../../train2/S0377221716302259.txt 	0.723209 0.136257 0.140533
../../train2/S0377221716303873.txt 	0.0907146 0.76286 0.146425
../../train2/S0377221716304258.txt 	0.753803 0.033362 0.212835
../../train2/S0378381215300297.txt 	0.0646418 0.495182 0.440176
../../train2/S0378381215300674.txt 	0.0301264 0.822511 0.147363
../../train2/S0378381215301291.txt 	0.0228238 0.738102 0.239075
../../train2/S0379711213001653.txt 	0.492643 0.270917 0.236439
../../train2/S0379711215000223.txt 	0.354682 0.146547 0.498771
../../train2/S0393044012000198.txt 	0.258185 0.371892 0.369923
../../train2/S0736585316300661.txt 	0.465342 0.223066 0.311591
../../train2/S074756321630348X.txt 	0.9313 0.0353899 0.0333099
../../train2/S0749603615302184.txt 	0.0276085 0.585719 0.386672
../../train2/S088523081530036X.txt 	0.547812 0.210007 0.242181
../../train2/S0885230816300043.txt 	0.256147 0.0703043 0.673549
../../train2/S0888327016300048.txt 	0.207284 0.113972 0.678744
../../train2/S0888327016302333.txt 	0.547052 0.156045 0.296903
../../train2/S0888613X16300767.txt 	0.83661 0.0447967 0.118593
../../train2/S0888613X16301062.txt 	0.914038 0.061884 0.0240779
../../train2/S0895611116300684.txt 	0.66752 0.229755 0.102725
../../train2/S0927025612000249.txt 	0.0296615 0.843234 0.127105
../../train2/S092702561300267X.txt 	0.420444 0.113311 0.466244
../../train2/S092702561300760X.txt 	0.0380917 0.639044 0.322865
../../train2/S0927025614007137.txt 	0.0682753 0.621133 0.310592
../../train2/S0957417416301786.txt 	0.439245 0.120803 0.439952
../../train2/S0957417416302561.txt 	0.423807 0.367608 0.208585
../../train2/S0957417416303773.txt 	0.276186 0.0717489 0.652065
../../train2/S0963869514000863.txt 	0.170936 0.264477 0.564588
../../train2/S0997754612001318.txt 	0.018035 0.632297 0.349669
../../train2/S1071581916300854.txt 	0.520252 0.284093 0.195655
../../train2/S1361841516300342.txt 	0.906624 0.0454434 0.0479324
../../train2/S1361841516300822.txt 	0.517999 0.289691 0.192309
../../train2/S1364815216303541.txt 	0.360345 0.310572 0.329083
../../train2/S1524070312000380.txt 	0.343018 0.146547 0.510435
../../train2/S1566253516300069.txt 	0.926659 0.0495039 0.0238373
../../train2/S1566253516300252.txt 	0.574644 0.168516 0.25684
../../train2/S1570870516301822.txt 	0.80921 0.114747 0.0760434
../../train2/S1875952116300209.txt 	0.85082 0.107192 0.0419886
../../train2/S2212667812000032.txt 	0.679191 0.0589582 0.261851
../../train2/S221266781200007X.txt 	0.016701 0.57351 0.409789
../../train2/S2212667812000524.txt 	0.650419 0.272732 0.0768495
../../train2/S2212667812000536.txt 	0.806395 0.10681 0.086795
../../train2/S2212667812000664.txt 	0.421781 0.148807 0.429413
../../train2/S2212667812000780.txt 	0.847744 0.0359314 0.116325
../../train2/S2212667812000792.txt 	0.970543 0.0178211 0.0116355
../../train2/S2212667812000810.txt 	0.840416 0.0953927 0.0641914
../../train2/S2212667812000822.txt 	0.333036 0.624797 0.0421668
../../train2/S2212667812000883.txt 	0.494168 0.0755657 0.430267
../../train2/S2212667812000895.txt 	0.526873 0.333054 0.140073
../../train2/S2212667812000937.txt 	0.806952 0.0498234 0.143224
../../train2/S2212667812000949.txt 	0.848764 0.0744607 0.0767756
../../train2/S221266781300018X.txt 	0.647204 0.0705896 0.282206
../../train2/S2212667813000610.txt 	0.798796 0.0656878 0.135516
../../train2/S2212667813000762.txt 	0.0941501 0.849698 0.0561523
../../train2/S2212667813000774.txt 	0.869433 0.044084 0.0864832
../../train2/S221266781300083X.txt 	0.132201 0.760615 0.107184
../../train2/S2212667813001068.txt 	0.0663712 0.652489 0.28114
../../train2/S2212667814000045.txt 	0.94281 0.0330024 0.0241872
../../train2/S2212667814000069.txt 	0.663377 0.230654 0.105969
../../train2/S2212667814000070.txt 	0.39103 0.423538 0.185432
../../train2/S2212667814000124.txt 	0.460357 0.084191 0.455452
../../train2/S2212667814000264.txt 	0.857698 0.0758549 0.0664469
../../train2/S2212667814000331.txt 	0.124811 0.619945 0.255244
../../train2/S2212667814000380.txt 	0.350145 0.186638 0.463217
../../train2/S2212667814000550.txt 	0.556069 0.372222 0.0717083
../../train2/S2212667814000690.txt 	0.274182 0.611723 0.114096
../../train2/S2212667814000732.txt 	0.357396 0.484614 0.15799
../../train2/S2212667814000756.txt 	0.0438103 0.654806 0.301384
../../train2/S221266781400080X.txt 	0.0236284 0.875079 0.101293
../../train2/S2212667814000884.txt 	0.203397 0.423916 0.372687
../../train2/S2212667814000951.txt 	0.655027 0.327326 0.0176474
../../train2/S2212667814000975.txt 	0.879745 0.0885166 0.0317379
../../train2/S2212667814000987.txt 	0.738353 0.145848 0.115799
../../train2/S2212667814001166.txt 	0.672222 0.0885597 0.239219
../../train2/S2212667814001208.txt 	0.973635 0.0164002 0.00996471
../../train2/S221266781400121X.txt 	0.435232 0.0521344 0.512633
../../train2/S2212667814001245.txt 	0.942433 0.0258111 0.0317556
../../train2/S2212667814001294.txt 	0.714573 0.201289 0.0841384
../../train2/S2212667814001348.txt 	0.282159 0.0623643 0.655477
../../train2/S2212667814001361.txt 	0.762632 0.16564 0.0717277
../../train2/S2212667814001397.txt 	0.274481 0.607122 0.118396
../../train2/S2212667814001440.txt 	0.603659 0.0464336 0.349907
../../train2/S2212667814001464.txt 	0.90139 0.0412916 0.0573186
../../train2/S2212667814001476.txt 	0.894237 0.0726373 0.0331254
../../train2/S2212667814001488.txt 	0.592081 0.0565826 0.351336
../../train2/S221266781400149X.txt 	0.413319 0.144601 0.44208
../../train2/S2212671612000121.txt 	0.354395 0.109065 0.53654
../../train2/S2212671612000613.txt 	0.265259 0.538031 0.19671
../../train2/S2212671612000637.txt 	0.16604 0.156633 0.677327
../../train2/S2212671612000686.txt 	0.502627 0.324402 0.17297
../../train2/S2212671612000698.txt 	0.409993 0.138094 0.451913
../../train2/S2212671612000704.txt 	0.11745 0.161103 0.721447
../../train2/S2212671612000716.txt 	0.49964 0.126082 0.374278
../../train2/S2212671612001163.txt 	0.705344 0.0957217 0.198934
../../train2/S2212671612001291.txt 	0.374283 0.518861 0.106856
../../train2/S2212671612001497.txt 	0.375007 0.491083 0.13391
../../train2/S2212671612001618.txt 	0.476663 0.134315 0.389023
../../train2/S221267161200162X.txt 	0.358745 0.153865 0.48739
../../train2/S2212671612001692.txt 	0.510658 0.129437 0.359906
../../train2/S2212671612001709.txt 	0.177341 0.122753 0.699907
../../train2/S221267161200176X.txt 	0.354003 0.419538 0.226459
../../train2/S2212671612001783.txt 	0.0564772 0.789281 0.154242
../../train2/S2212671612002120.txt 	0.461084 0.125905 0.41301
../../train2/S221267161200217X.txt 	0.561371 0.134208 0.30442
../../train2/S2212671612002181.txt 	0.458145 0.0461273 0.495728
../../train2/S221267161200220X.txt 	0.958931 0.0226613 0.0184079
../../train2/S2212671612002302.txt 	0.0625689 0.846827 0.090604
../../train2/S2212671612002338.txt 	0.518985 0.0702376 0.410777
../../train2/S2212671612002351.txt 	0.367781 0.295843 0.336376
../../train2/S2212671612002375.txt 	0.86461 0.0492613 0.0861282
../../train2/S221450951400031X.txt 	0.0807873 0.791962 0.127251
../../train2/S221450951530005X.txt 	0.0443605 0.776682 0.178958
../../train2/S2214509515300103.txt 	0.00407165 0.88555 0.110379
../../train2/S2214657115000052.txt 	0.379198 0.161883 0.458919
../../train2/S2214657115000155.txt 	0.0299144 0.833751 0.136335
../../train2/S2214657115000179.txt 	0.0685776 0.531207 0.400215
../../train2/S2352179114200032.txt 	0.0413682 0.760664 0.197968
../../train2/S2352179114200056.txt 	0.0121069 0.763479 0.224414
../../dev/S0003491613001516.txt 	0.911186 0.0618094 0.0270046
../../dev/S0003491615001839.txt 	0.364708 0.385086 0.250205
../../dev/S0009261408017028.txt 	0.0636423 0.393505 0.542853
../../dev/S0009261413004612.txt 	0.0595697 0.256057 0.684373
../../dev/S0009261414000372.txt 	0.299285 0.420989 0.279726
../../dev/S0009261415001517.txt 	0.326729 0.627725 0.0455455
../../dev/S0009261415008362.txt 	0.356356 0.412286 0.231358
../../dev/S0010938X13003818.txt 	0.0764821 0.774742 0.148775
../../dev/S0010938X14002157.txt 	0.0280686 0.827363 0.144569
../../dev/S0010938X15003261.txt 	0.0298386 0.578618 0.391544
../../dev/S0021961415003821.txt 	0.179407 0.520983 0.29961
../../dev/S0021999113005652.txt 	0.0903791 0.703538 0.206083
../../dev/S0021999113005846.txt 	0.0257801 0.664869 0.309351
../../dev/S002199911500025X.txt 	0.348696 0.160241 0.491063
../../dev/S0021999115003423.txt 	0.678455 0.0343356 0.287209
../../dev/S0021999115007895.txt 	0.608595 0.29766 0.0937449
../../dev/S0021999115008153.txt 	0.594755 0.0536433 0.351602
../../dev/S0021999115008372.txt 	0.26593 0.0817963 0.652274
../../dev/S0022311513010313.txt 	0.0122325 0.874285 0.113483
../../dev/S0022311513011422.txt 	0.0164038 0.505918 0.477679
../../dev/S0022311514006722.txt 	0.029587 0.752631 0.217782
../../dev/S0022311514006941.txt 	0.0226901 0.866922 0.110388
../../dev/S0022311514009271.txt 	0.0171906 0.902639 0.0801705
../../dev/S0022311515002354.txt 	0.0088483 0.81944 0.171711
../../dev/S0022311515301653.txt 	0.1856 0.452585 0.361815
../../dev/S0022311515303901.txt 	0.01754 0.853147 0.129313
../../dev/S0029549313003439.txt 	0.567091 0.240678 0.192231
../../dev/S0029549314002854.txt 	0.00996272 0.838437 0.1516
../../dev/S0038092X14004824.txt 	0.0708614 0.840029 0.0891097
../../dev/S0038092X15001024.txt 	0.51548 0.261019 0.2235
../../dev/S0038092X15003059.txt 	0.115296 0.582432 0.302272
../../dev/S0045782514001947.txt 	0.371058 0.283251 0.34569
../../dev/S0045782515001322.txt 	0.0594349 0.595532 0.345033
../../dev/S0079642514000784.txt 	0.0189244 0.781873 0.199203
../../dev/S0079642515000705.txt 	0.0303097 0.425309 0.544381
../../dev/S0167844214000652.txt 	0.170293 0.33181 0.497897
../../dev/S0254058415300766.txt 	0.0358172 0.433748 0.530435
../../dev/S0301010409001219.txt 	0.0334715 0.830226 0.136302
../../dev/S0301010413002139.txt 	0.408158 0.505182 0.0866602
../../dev/S0301010413004096.txt 	0.111671 0.457394 0.430935
../../dev/S0301010415002189.txt 	0.208187 0.505787 0.286026
../../dev/S0301010415300355.txt 	0.350778 0.51808 0.131142
../../dev/S0301932213000487.txt 	0.0831511 0.223216 0.693633
../../dev/S0301932213001985.txt 	0.145998 0.0369595 0.817042
../../dev/S0301932214001931.txt 	0.139816 0.22716 0.633024
../../dev/S0378381215300297.txt 	0.756554 0.0917386 0.151708
../../dev/S1359028614000989.txt 	0.763562 0.0649084 0.171529
../../dev/S1877750315000575.txt 	0.665803 0.122633 0.211564
../../dev/S1877750315300119.txt 	0.249126 0.0517529 0.699122
../../dev/S2352179115300041.txt 	0.0159884 0.704748 0.279263
../../test/scienceie2017_test_unlabelled/S0010482516301810.txt 	0.120534 0.673439 0.206026
../../test/scienceie2017_test_unlabelled/S0010938X15301268.txt 	0.00905368 0.929965 0.0609816
../../test/scienceie2017_test_unlabelled/S0010938X15301554.txt 	0.0580892 0.655901 0.28601
../../test/scienceie2017_test_unlabelled/S0011227514002136.txt 	0.0163531 0.740997 0.24265
../../test/scienceie2017_test_unlabelled/S0011227515000648.txt 	0.243638 0.628088 0.128275
../../test/scienceie2017_test_unlabelled/S0011227515001216.txt 	0.0358289 0.44166 0.522511
../../test/scienceie2017_test_unlabelled/S002002551630384X.txt 	0.586573 0.115743 0.297684
../../test/scienceie2017_test_unlabelled/S0021961414003255.txt 	0.0213801 0.662781 0.315839
../../test/scienceie2017_test_unlabelled/S002199911200068X.txt 	0.40603 0.208025 0.385945
../../test/scienceie2017_test_unlabelled/S0021999112002847.txt 	0.07081 0.638501 0.290689
../../test/scienceie2017_test_unlabelled/S0021999112003579.txt 	0.0598392 0.138423 0.801738
../../test/scienceie2017_test_unlabelled/S0021999113002945.txt 	0.882873 0.0534188 0.0637082
../../test/scienceie2017_test_unlabelled/S0021999113003422.txt 	0.377347 0.447972 0.174681
../../test/scienceie2017_test_unlabelled/S002199911300346X.txt 	0.0258151 0.532473 0.441712
../../test/scienceie2017_test_unlabelled/S0021999113004555.txt 	0.313466 0.163236 0.523298
../../test/scienceie2017_test_unlabelled/S0021999113005603.txt 	0.0802494 0.106039 0.813712
../../test/scienceie2017_test_unlabelled/S0021999113005652.txt 	0.0459224 0.804264 0.149814
../../test/scienceie2017_test_unlabelled/S0021999113005718.txt 	0.157541 0.280995 0.561464
../../test/scienceie2017_test_unlabelled/S0021999113006955.txt 	0.238802 0.22787 0.533328
../../test/scienceie2017_test_unlabelled/S0021999116303291.txt 	0.0514714 0.607409 0.34112
../../test/scienceie2017_test_unlabelled/S0032386107010518.txt 	0.220511 0.692648 0.0868404
../../test/scienceie2017_test_unlabelled/S0032386108009397.txt 	0.461425 0.250754 0.287821
../../test/scienceie2017_test_unlabelled/S0032386109001463.txt 	0.219106 0.299366 0.481528
../../test/scienceie2017_test_unlabelled/S0032386109003991.txt 	0.0286413 0.898328 0.0730303
../../test/scienceie2017_test_unlabelled/S0032386109005357.txt 	0.0256183 0.881746 0.092636
../../test/scienceie2017_test_unlabelled/S0032386110001254.txt 	0.531271 0.302911 0.165818
../../test/scienceie2017_test_unlabelled/S0039602899010493.txt 	0.145744 0.261097 0.593159
../../test/scienceie2017_test_unlabelled/S0098300413002124.txt 	0.801573 0.0619981 0.136429
../../test/scienceie2017_test_unlabelled/S0098300414000259.txt 	0.927341 0.0425573 0.0301021
../../test/scienceie2017_test_unlabelled/S0098300414002532.txt 	0.914146 0.0637686 0.0220856
../../test/scienceie2017_test_unlabelled/S0166361516300926.txt 	0.745157 0.129804 0.125039
../../test/scienceie2017_test_unlabelled/S0168365912007560.txt 	0.00368404 0.962656 0.0336596
../../test/scienceie2017_test_unlabelled/S0168365913001521.txt 	0.0118635 0.79763 0.190506
../../test/scienceie2017_test_unlabelled/S0168365913009589.txt 	0.116127 0.673802 0.210071
../../test/scienceie2017_test_unlabelled/S0168583X14003929.txt 	0.0842391 0.309973 0.605788
../../test/scienceie2017_test_unlabelled/S0257897213003563.txt 	0.103098 0.162409 0.734493
../../test/scienceie2017_test_unlabelled/S0257897213004131.txt 	0.0520061 0.414588 0.533406
../../test/scienceie2017_test_unlabelled/S0263822312000657.txt 	0.00315298 0.98078 0.0160673
../../test/scienceie2017_test_unlabelled/S0263822312001468.txt 	0.0279895 0.630203 0.341807
../../test/scienceie2017_test_unlabelled/S0301679X13003289.txt 	0.036606 0.764184 0.19921
../../test/scienceie2017_test_unlabelled/S0301679X14000449.txt 	0.0232371 0.890917 0.0858456
../../test/scienceie2017_test_unlabelled/S0301679X14003272.txt 	0.0559421 0.624895 0.319163
../../test/scienceie2017_test_unlabelled/S0304399111001811.txt 	0.0555017 0.176209 0.768289
../../test/scienceie2017_test_unlabelled/S030439911200040X.txt 	0.0623217 0.637272 0.300407
../../test/scienceie2017_test_unlabelled/S0305440314001927.txt 	0.549995 0.38679 0.0632151
../../test/scienceie2017_test_unlabelled/S0370269301015222.txt 	0.471643 0.218181 0.310175
../../test/scienceie2017_test_unlabelled/S0370269302011838.txt 	0.627741 0.137901 0.234358
../../test/scienceie2017_test_unlabelled/S0370269302012492.txt 	0.107181 0.206424 0.686396
../../test/scienceie2017_test_unlabelled/S0370269302013412.txt 	0.100895 0.291116 0.607989
../../test/scienceie2017_test_unlabelled/S0370269302014880.txt 	0.141942 0.52395 0.334109
../../test/scienceie2017_test_unlabelled/S0370269302014892.txt 	0.225713 0.27401 0.500277
../../test/scienceie2017_test_unlabelled/S0370269303015478.txt 	0.263424 0.342228 0.394348
../../test/scienceie2017_test_unlabelled/S0370269303017222.txt 	0.0823943 0.162717 0.754888
../../test/scienceie2017_test_unlabelled/S037026930301801X.txt 	0.0365877 0.546507 0.416905
../../test/scienceie2017_test_unlabelled/S0370269304005829.txt 	0.0561118 0.521148 0.42274
../../test/scienceie2017_test_unlabelled/S0370269304007567.txt 	0.0177889 0.905042 0.0771693
../../test/scienceie2017_test_unlabelled/S0370269304007816.txt 	0.638297 0.196263 0.16544
../../test/scienceie2017_test_unlabelled/S0370269304008421.txt 	0.471959 0.104638 0.423403
../../test/scienceie2017_test_unlabelled/S0370269304008494.txt 	0.22268 0.256605 0.520715
../../test/scienceie2017_test_unlabelled/S0370269304009293.txt 	0.825784 0.114181 0.0600347
../../test/scienceie2017_test_unlabelled/S0370269304012638.txt 	0.894157 0.0673075 0.0385355
../../test/scienceie2017_test_unlabelled/S037877531001949X.txt 	0.023027 0.771023 0.20595
../../test/scienceie2017_test_unlabelled/S0885230816301759.txt 	0.933676 0.0261098 0.0402142
../../test/scienceie2017_test_unlabelled/S092583881302834X.txt 	0.0177719 0.626326 0.355902
../../test/scienceie2017_test_unlabelled/S0925838814009669.txt 	0.0101206 0.796997 0.192883
../../test/scienceie2017_test_unlabelled/S0927025614003322.txt 	0.626645 0.123179 0.250175
../../test/scienceie2017_test_unlabelled/S0927025614006181.txt 	0.367099 0.273126 0.359775
../../test/scienceie2017_test_unlabelled/S0927025615006357.txt 	0.345233 0.287938 0.366829
../../test/scienceie2017_test_unlabelled/S096386951400070X.txt 	0.135492 0.370568 0.49394
../../test/scienceie2017_test_unlabelled/S0963869514000875.txt 	0.317382 0.149014 0.533605
../../test/scienceie2017_test_unlabelled/S0963869514000954.txt 	0.523693 0.322114 0.154193
../../test/scienceie2017_test_unlabelled/S0963869514001066.txt 	0.435445 0.344674 0.219881
../../test/scienceie2017_test_unlabelled/S0963869514001078.txt 	0.0479472 0.390517 0.561536
../../test/scienceie2017_test_unlabelled/S0963869515000572.txt 	0.101167 0.183843 0.714989
../../test/scienceie2017_test_unlabelled/S0968432814000250.txt 	0.776243 0.158671 0.0650859
../../test/scienceie2017_test_unlabelled/S1010603009002676.txt 	0.0764856 0.499291 0.424223
../../test/scienceie2017_test_unlabelled/S1010603013001809.txt 	0.0698153 0.618742 0.311442
../../test/scienceie2017_test_unlabelled/S107158191630074X.txt 	0.889157 0.0299353 0.0809076
../../test/scienceie2017_test_unlabelled/S1359646214000165.txt 	0.10699 0.245161 0.647849
../../test/scienceie2017_test_unlabelled/S1364815216302122.txt 	0.943416 0.0244861 0.0320978
../../test/scienceie2017_test_unlabelled/S1364815216302705.txt 	0.897284 0.0523082 0.0504078
../../test/scienceie2017_test_unlabelled/S136481521630305X.txt 	0.0488573 0.767941 0.183202
../../test/scienceie2017_test_unlabelled/S1364815216303061.txt 	0.63211 0.202998 0.164892
../../test/scienceie2017_test_unlabelled/S1364815216303243.txt 	0.619508 0.142308 0.238185
../../test/scienceie2017_test_unlabelled/S1386505616301769.txt 	0.649172 0.240495 0.110333
../../test/scienceie2017_test_unlabelled/S1574119211001544.txt 	0.840979 0.08563 0.073391
../../test/scienceie2017_test_unlabelled/S1574119215000796.txt 	0.516789 0.0582206 0.424991
../../test/scienceie2017_test_unlabelled/S1631070514000954.txt 	0.0354919 0.705209 0.259299
../../test/scienceie2017_test_unlabelled/S167420011300196X.txt 	0.0367167 0.529327 0.433956
../../test/scienceie2017_test_unlabelled/S1687850714000405.txt 	0.141194 0.81433 0.0444756
../../test/scienceie2017_test_unlabelled/S1746809416300933.txt 	0.0748763 0.334008 0.591116
../../test/scienceie2017_test_unlabelled/S1877750311000676.txt 	0.687401 0.192556 0.120043
../../test/scienceie2017_test_unlabelled/S1877750313000240.txt 	0.539068 0.153951 0.306981
../../test/scienceie2017_test_unlabelled/S187775031300077X.txt 	0.686183 0.0628984 0.250919
../../test/scienceie2017_test_unlabelled/S1877750313001269.txt 	0.842078 0.026964 0.130958
../../test/scienceie2017_test_unlabelled/S1877750315000460.txt 	0.789143 0.0383441 0.172512
../../test/scienceie2017_test_unlabelled/S2212671612000431.txt 	0.86799 0.0597299 0.07228
../../test/scienceie2017_test_unlabelled/S2212671612000741.txt 	0.405 0.0669045 0.528096
../../test/scienceie2017_test_unlabelled/S221267161400105X.txt 	0.385073 0.235202 0.379724
../../test/scienceie2017_test_unlabelled/S221450951400014X.txt 	0.267533 0.635551 0.0969165
